100
Ville_0
Ville_1
Ville_2
Ville_3
Ville_4
Ville_5
Ville_6
Ville_7
Ville_8
Ville_9
Ville_10
Ville_11
Ville_12
Ville_13
Ville_14
Ville_15
Ville_16
Ville_17
Ville_18
Ville_19
Ville_20
Ville_21
Ville_22
Ville_23
Ville_24
Ville_25
Ville_26
Ville_27
Ville_28
Ville_29
Ville_30
Ville_31
Ville_32
Ville_33
Ville_34
Ville_35
Ville_36
Ville_37
Ville_38
Ville_39
Ville_40
Ville_41
Ville_42
Ville_43
Ville_44
Ville_45
Ville_46
Ville_47
Ville_48
Ville_49
Ville_50
Ville_51
Ville_52
Ville_53
Ville_54
Ville_55
Ville_56
Ville_57
Ville_58
Ville_59
Ville_60
Ville_61
Ville_62
Ville_63
Ville_64
Ville_65
Ville_66
Ville_67
Ville_68
Ville_69
Ville_70
Ville_71
Ville_72
Ville_73
Ville_74
Ville_75
Ville_76
Ville_77
Ville_78
Ville_79
Ville_80
Ville_81
Ville_82
Ville_83
Ville_84
Ville_85
Ville_86
Ville_87
Ville_88
Ville_89
Ville_90
Ville_91
Ville_92
Ville_93
Ville_94
Ville_95
Ville_96
Ville_97
Ville_98
Ville_99
0 52 63 65 41 25 55 63 22 97 57 98 80 36 23 85 73 10 79 53 48 14 38 48 62 33 14 50 64 38 23 25 50 99 31 87 28 79 14 74 59 76 70 78 46 37 47 35 93 49 31 25 56 54 74 27 47 88 13 83 34 72 99 97 31 25 30 31 42 32 93 52 41 83 41 68 88 12 27 80 99 16 23 28 27 20 39 75 51 100 66 27 15 27 12 31 86 10 33 51 
55 0 86 44 100 70 61 51 78 87 86 83 32 30 86 18 51 25 75 66 11 89 49 67 19 51 40 70 72 19 100 77 86 28 67 88 64 28 92 11 77 39 41 45 92 56 37 81 45 23 22 33 95 63 66 96 34 62 71 44 94 64 38 35 62 44 93 90 24 15 66 15 43 73 79 38 48 17 20 79 42 35 97 93 82 77 51 76 18 86 57 45 13 79 73 45 63 89 48 30 
75 23 0 73 50 57 28 86 44 50 30 95 29 99 32 18 92 15 21 52 36 41 38 100 14 43 93 61 38 14 59 96 29 23 100 69 96 38 13 49 73 28 38 13 98 22 42 95 11 69 87 67 19 46 28 64 91 56 73 22 12 56 98 16 17 62 13 93 87 67 45 11 10 39 60 90 42 83 88 73 17 58 69 81 19 17 13 14 77 55 27 13 97 98 41 52 48 24 35 29 
61 43 85 0 93 17 85 82 77 50 21 41 96 97 67 57 21 75 41 29 27 14 42 56 14 46 94 95 51 53 29 57 96 69 76 29 23 34 44 24 12 43 87 37 15 69 75 35 90 95 46 98 81 52 59 85 79 59 37 21 99 47 36 27 81 83 80 46 28 94 33 74 58 16 84 70 89 88 82 10 95 17 26 31 61 57 19 59 76 100 74 18 13 67 46 56 56 95 64 69 
53 67 77 13 0 90 45 21 79 21 39 19 31 29 69 91 99 45 85 79 21 21 16 27 14 11 60 23 71 79 74 17 98 34 70 29 68 80 91 13 74 73 56 57 83 95 54 81 93 46 25 50 81 72 27 71 68 47 74 91 66 84 35 87 85 17 31 87 37 68 73 59 100 16 97 74 49 71 73 60 78 81 20 75 93 73 70 41 30 70 100 100 34 88 41 11 49 78 74 88 
11 54 66 24 49 0 73 51 86 35 56 52 11 60 24 88 29 17 99 30 78 78 16 90 17 57 66 63 77 51 60 75 97 49 74 56 13 89 80 81 82 54 86 70 11 55 93 24 18 96 74 60 36 70 71 100 39 32 100 30 57 11 86 34 31 69 87 47 31 56 53 77 57 31 76 13 94 32 18 99 85 84 78 97 69 23 18 81 12 22 13 58 64 33 50 25 91 34 92 44 
13 40 51 37 20 35 0 49 42 87 64 41 22 11 23 31 30 65 58 57 66 69 30 77 34 57 32 18 70 83 66 100 96 80 98 60 80 58 93 88 88 79 70 80 94 71 75 23 73 58 15 31 93 77 68 45 70 97 87 51 29 99 56 80 73 16 17 48 96 49 14 21 81 28 78 41 89 41 69 43 35 24 49 80 86 33 52 20 37 15 23 64 17 13 94 13 43 98 30 75 
99 97 51 34 12 59 65 0 15 66 36 62 69 32 63 60 80 88 81 67 95 58 61 52 28 71 78 54 39 10 83 33 60 71 85 23 88 64 51 85 72 92 68 19 47 44 83 40 50 56 24 25 51 62 80 54 44 13 53 33 85 61 100 14 45 70 18 81 10 59 100 16 41 99 22 28 45 78 62 76 75 59 87 24 32 81 14 26 56 81 93 79 71 74 69 89 43 88 11 53 
10 88 48 54 40 26 59 77 0 100 12 43 33 57 21 68 21 10 10 76 11 14 61 68 49 62 40 23 80 64 32 83 69 83 63 99 54 29 60 77 25 45 49 62 37 59 55 92 99 41 95 42 88 14 20 75 99 23 72 57 95 64 55 77 23 69 84 79 84 66 88 86 96 69 63 55 81 39 55 99 93 56 48 52 20 17 45 64 80 19 35 40 17 14 44 90 88 63 60 73 
22 53 69 45 28 97 88 11 32 0 77 51 81 59 52 29 46 53 20 18 96 24 14 15 47 88 20 42 87 48 48 53 33 68 70 93 83 20 56 11 81 55 35 36 44 98 51 38 30 35 19 75 70 68 29 26 81 59 18 30 16 27 20 27 67 39 48 30 97 40 51 39 20 26 31 53 33 66 20 17 12 18 73 12 11 60 41 93 65 12 58 27 89 17 21 44 77 87 12 65 
66 56 83 88 68 13 26 58 93 69 0 47 25 98 91 52 82 31 57 88 35 52 60 60 85 23 47 13 64 58 63 12 32 21 44 28 77 34 73 80 69 52 78 34 94 12 72 54 15 81 37 43 52 91 90 39 63 90 59 39 95 35 85 36 49 78 26 11 76 35 47 62 53 43 62 24 16 62 27 46 22 76 60 27 48 41 38 61 10 88 87 80 15 26 25 96 91 38 19 87 
22 100 29 28 88 48 16 34 56 33 85 0 34 41 95 31 24 35 71 55 34 55 60 99 47 85 88 85 50 17 31 46 78 77 23 16 91 14 39 19 54 55 80 54 52 15 11 39 48 82 89 38 77 49 94 78 75 56 96 34 50 45 18 76 23 95 52 78 71 10 89 72 32 17 76 62 23 33 85 11 52 33 73 84 34 91 66 96 13 92 66 68 77 97 86 96 76 29 84 91 
79 53 98 25 11 92 30 97 39 53 25 37 0 10 51 23 99 58 68 37 48 85 98 48 11 59 16 77 35 75 46 11 84 83 95 93 75 38 51 35 64 45 37 81 88 69 46 25 77 98 98 100 74 44 39 29 93 51 20 100 82 66 71 17 21 62 21 64 13 69 64 43 57 45 90 34 17 92 16 58 60 67 87 82 74 27 33 39 94 93 68 67 26 74 87 71 10 27 14 36 
16 83 31 97 66 13 74 58 25 91 35 31 67 0 42 88 30 43 61 44 15 65 50 42 78 40 92 96 91 99 65 12 13 44 71 21 14 24 43 30 90 96 68 36 23 77 29 14 61 52 37 93 12 40 58 62 68 53 42 100 97 13 91 41 48 81 60 44 10 68 45 38 87 91 24 92 99 26 53 15 30 35 50 61 30 86 89 10 86 34 78 100 32 27 35 11 91 84 75 73 
12 51 45 68 42 78 78 94 39 87 93 94 42 72 0 96 83 62 37 14 44 80 31 21 64 50 76 10 96 57 61 43 39 68 98 30 39 39 40 17 25 53 35 74 30 62 40 96 22 82 56 56 57 82 36 94 21 64 91 52 12 89 21 89 83 86 58 74 19 70 27 55 51 79 31 64 84 100 18 16 80 38 70 52 14 87 13 66 97 60 93 39 47 35 35 49 53 68 59 37 
14 31 41 34 91 83 41 15 64 99 20 98 98 90 72 0 43 83 54 52 54 40 87 100 95 52 73 43 59 32 16 100 72 22 18 58 42 38 18 45 39 89 92 10 15 54 82 64 58 20 84 61 24 58 25 94 36 76 77 100 55 50 21 38 81 48 13 80 78 31 96 26 10 43 73 34 44 78 15 38 46 71 88 15 84 23 11 51 77 95 56 63 68 79 50 24 60 15 100 81 
60 72 11 79 50 56 19 65 32 87 27 18 42 52 14 42 0 80 42 37 80 42 35 54 32 10 33 40 90 61 80 73 38 69 19 54 44 100 37 73 54 19 64 57 38 72 26 39 29 44 51 22 87 63 88 10 98 91 76 100 58 45 60 20 97 92 33 98 87 24 46 30 15 40 99 71 26 74 49 49 12 75 32 39 41 48 56 83 44 83 20 56 81 54 65 41 56 13 80 52 
39 13 27 94 48 99 20 44 31 63 74 80 54 11 61 89 43 0 63 93 12 19 92 75 20 50 75 56 29 72 92 55 16 59 87 56 51 30 88 95 34 74 68 82 39 52 32 14 99 17 35 99 51 10 76 27 37 67 39 40 18 98 99 82 69 77 51 37 21 93 79 85 70 37 90 83 72 11 95 87 20 70 35 27 65 66 64 42 61 20 81 55 67 36 77 85 30 13 34 47 
95 92 15 96 44 39 56 58 91 41 39 60 81 95 69 10 47 55 0 62 68 10 46 53 40 68 67 40 38 28 83 57 32 40 68 96 55 10 23 16 16 91 11 77 11 39 73 48 62 23 19 87 58 14 88 94 95 39 43 79 40 39 92 88 46 52 61 23 17 23 71 99 17 43 31 45 46 62 44 24 95 58 84 93 68 35 15 96 94 70 86 96 68 55 56 26 52 62 83 18 
28 10 67 62 53 20 69 11 80 20 45 21 36 40 29 48 67 36 50 0 30 48 32 61 80 79 84 25 56 84 60 74 17 63 79 30 84 23 33 18 85 72 29 47 88 23 43 65 45 27 38 31 13 62 15 45 82 67 18 40 85 13 49 51 22 24 69 50 81 32 99 35 57 26 70 32 13 68 39 56 60 88 11 95 81 34 92 38 42 48 39 74 55 79 60 41 70 16 28 58 
17 51 99 78 36 56 71 93 70 47 15 85 38 71 80 28 48 61 30 22 0 55 33 33 91 59 35 75 23 72 68 70 71 25 22 46 60 64 57 39 17 24 62 83 87 37 99 19 42 52 20 84 44 64 90 57 55 47 34 98 97 25 21 92 78 12 80 77 94 14 48 43 99 38 84 44 36 91 75 33 48 14 91 32 64 24 39 67 97 26 84 73 62 20 54 65 93 70 13 68 
66 98 16 35 52 52 27 48 39 98 92 67 71 68 26 31 92 78 20 14 100 0 98 23 92 14 68 75 42 13 36 84 63 15 50 24 28 90 19 43 83 96 20 76 48 42 44 13 26 97 10 45 60 28 17 93 11 14 13 23 91 95 97 30 91 22 77 73 78 63 82 31 48 30 59 43 44 74 69 74 60 36 83 27 14 75 92 20 33 48 77 63 67 76 10 94 78 13 43 33 
41 98 15 86 81 73 44 86 52 13 46 53 52 12 31 52 87 60 90 76 93 25 0 32 43 61 75 37 75 80 63 77 74 20 28 20 26 29 42 52 68 54 94 91 72 15 11 30 55 33 57 54 25 54 98 81 32 53 100 65 58 92 29 36 27 100 34 84 57 89 87 84 50 82 97 74 45 98 86 63 72 10 54 54 77 45 71 100 14 29 59 74 50 63 67 56 79 10 12 45 
44 53 28 59 28 28 64 76 43 17 85 36 63 44 14 28 100 23 35 19 25 70 11 0 93 15 74 46 55 37 70 29 62 55 34 17 80 92 93 91 51 26 57 64 94 53 40 81 20 21 95 91 23 16 50 42 69 41 93 12 80 43 32 23 69 53 17 94 23 99 59 58 34 21 17 95 75 81 24 10 67 60 73 24 63 39 43 97 58 71 30 52 53 21 39 63 60 27 10 43 
76 71 92 18 65 30 95 10 28 85 98 28 20 28 15 98 42 97 19 78 60 94 66 32 0 84 19 79 98 56 80 49 58 38 53 30 66 17 27 29 22 99 26 14 66 85 61 53 20 81 84 31 45 89 73 64 47 53 95 77 15 66 28 39 88 33 33 27 24 65 61 85 61 52 82 97 29 31 69 36 11 98 97 98 16 41 60 96 94 30 57 13 99 51 90 57 61 83 96 20 
38 96 73 14 20 73 19 72 48 23 64 95 19 73 11 58 91 67 13 20 55 78 85 57 20 0 66 77 63 66 18 80 62 97 100 20 63 33 98 11 83 40 24 46 25 56 64 40 94 16 67 33 77 53 90 52 18 94 97 91 70 63 44 49 20 26 48 30 30 46 81 100 96 19 33 63 56 65 69 34 65 55 29 80 12 22 43 10 42 30 78 36 73 93 60 61 44 73 88 67 
15 65 45 49 41 98 49 90 95 57 61 39 80 47 52 47 18 26 43 61 69 31 38 42 83 41 0 80 79 22 31 38 77 58 42 64 69 83 92 68 61 45 63 61 10 44 47 68 19 20 82 69 24 45 70 16 98 96 93 41 44 35 36 48 90 39 89 59 90 77 30 39 20 96 91 15 64 59 72 59 12 49 10 87 42 35 97 35 92 43 39 16 24 36 42 11 13 57 64 63 
62 94 100 88 11 40 74 31 12 48 29 99 79 17 17 24 68 35 52 84 79 96 75 80 77 50 25 0 88 58 85 46 11 55 34 50 27 55 85 67 62 72 57 19 48 68 31 60 47 42 13 90 65 15 80 71 73 95 86 73 44 97 29 11 96 73 36 81 23 81 78 43 97 40 73 75 68 24 20 51 71 30 95 73 26 23 27 89 28 52 39 11 22 69 11 39 14 98 44 85 
95 90 81 23 64 60 41 17 66 66 88 76 48 95 91 83 56 15 57 95 40 85 42 77 48 17 71 86 0 98 83 37 57 56 34 62 24 16 11 84 44 90 33 15 39 97 41 83 25 95 45 50 87 98 63 18 60 23 30 17 92 16 25 72 74 68 29 73 73 14 94 84 15 97 64 58 13 89 66 19 72 77 100 43 30 14 57 17 52 73 99 67 23 41 19 75 73 73 27 91 
18 70 17 61 48 39 42 18 88 78 22 64 85 13 98 41 39 23 18 46 10 30 74 80 32 12 20 32 87 0 83 33 92 48 98 90 40 97 85 82 70 29 26 15 23 67 22 99 27 41 60 40 71 77 72 94 40 96 29 97 49 56 81 17 46 69 40 48 19 59 72 94 16 44 42 80 59 92 70 99 38 61 98 81 30 49 74 64 32 78 19 23 96 87 55 20 63 91 39 74 
91 32 38 19 42 46 51 30 17 38 92 90 82 61 58 83 59 38 42 50 14 74 50 34 98 80 27 20 26 48 0 69 57 60 72 46 76 60 68 46 74 66 85 21 13 51 88 48 17 81 80 51 85 70 32 90 28 25 60 50 54 30 38 47 85 10 15 22 100 46 82 48 80 57 84 27 77 50 41 17 59 24 76 87 29 30 100 53 30 99 41 33 68 65 48 76 96 91 70 65 
12 78 77 61 66 60 53 47 27 40 75 61 84 15 37 69 13 72 35 68 10 66 20 16 31 30 23 20 95 76 80 0 41 81 65 27 47 61 97 81 68 14 45 47 60 34 65 71 94 93 49 45 52 10 52 94 39 32 19 26 86 92 72 21 41 13 90 80 30 80 68 47 92 49 63 85 39 62 56 84 30 63 73 24 18 78 31 76 24 71 22 36 19 56 46 28 58 41 24 90 
34 31 72 53 48 35 69 49 36 90 71 16 70 43 65 76 80 40 42 95 73 44 64 74 89 99 44 13 85 23 28 26 0 91 44 97 22 97 55 33 79 87 59 14 63 34 38 62 92 62 84 49 22 99 10 34 85 81 72 66 52 65 21 88 46 64 16 61 72 97 18 54 73 13 19 85 87 65 11 45 43 50 61 58 83 78 82 91 99 40 42 68 18 63 70 73 53 95 30 77 
15 29 82 33 50 34 39 41 24 55 15 100 66 35 87 91 33 44 73 99 92 100 28 32 19 53 58 28 50 76 47 83 49 0 52 27 74 17 93 72 100 61 73 10 96 84 23 100 30 12 40 10 57 18 17 56 16 27 67 77 86 99 100 72 46 14 52 67 11 81 65 29 14 99 74 45 48 59 90 60 52 97 66 78 19 91 65 52 45 91 49 22 76 59 96 48 98 72 16 28 
49 79 50 65 49 44 95 33 67 26 55 77 96 26 57 14 68 36 53 42 66 25 68 46 30 97 30 36 42 52 90 53 94 61 0 55 67 83 87 64 80 100 87 83 62 97 79 22 13 49 65 50 14 96 38 85 58 82 80 25 74 39 95 74 35 93 65 89 18 63 85 42 49 15 31 10 38 29 18 32 43 34 10 64 44 46 76 73 87 48 34 53 94 12 78 31 25 65 54 97 
87 13 37 100 59 24 90 28 32 59 30 77 44 28 56 67 95 70 44 28 26 20 25 40 56 94 91 13 74 75 18 28 84 15 38 0 23 61 84 60 85 50 82 75 21 86 40 40 58 85 25 54 72 83 14 51 79 72 27 41 81 51 47 91 99 97 42 52 59 31 13 89 27 98 13 37 15 57 56 54 62 37 38 35 70 67 20 42 88 12 63 14 31 39 81 98 71 70 21 81 
75 12 100 58 63 59 69 31 52 67 38 88 58 74 11 65 25 100 41 59 31 79 38 18 42 91 40 66 32 46 31 96 12 14 92 38 0 91 84 48 21 46 29 90 21 26 35 35 23 71 21 16 60 89 33 70 99 53 59 12 94 26 69 50 37 47 60 49 60 63 92 69 81 56 27 31 29 26 94 39 57 89 55 60 33 19 17 23 97 39 74 80 13 86 65 21 14 94 49 38 
35 11 14 59 43 92 93 86 37 46 20 68 67 59 65 100 82 27 57 72 80 31 42 15 36 89 88 28 18 85 27 69 44 82 67 67 29 0 66 68 38 39 81 89 80 93 36 27 98 52 30 100 58 70 77 24 73 67 18 13 10 49 72 33 39 17 80 86 27 85 40 90 77 57 76 36 20 32 77 24 41 63 71 10 40 61 95 66 67 90 17 68 70 84 55 41 92 46 10 14 
57 40 49 26 52 60 48 30 26 61 91 26 65 87 28 88 79 34 39 25 96 33 63 71 18 44 31 43 45 56 84 79 87 63 86 97 39 28 0 89 44 53 97 96 15 76 88 60 34 72 17 62 41 30 49 56 38 95 51 88 62 91 19 86 11 89 14 49 42 17 63 27 44 70 33 41 10 84 27 30 63 100 53 12 73 97 70 45 20 48 53 91 61 85 41 83 89 78 58 76 
49 64 74 26 26 58 28 56 79 60 56 51 90 84 85 36 67 94 84 69 98 18 88 38 26 41 65 44 30 53 54 33 84 31 36 98 22 37 51 0 90 78 14 33 89 68 54 91 64 71 58 90 43 93 35 32 95 78 74 27 93 69 35 59 54 91 76 42 31 44 11 47 73 13 54 60 96 22 69 100 26 98 91 98 31 19 77 14 27 93 62 53 18 21 28 21 25 90 39 98 
59 67 26 72 100 93 11 29 94 88 11 50 24 21 70 37 11 62 60 51 94 75 10 72 83 67 15 17 10 73 53 76 72 39 66 66 68 40 12 84 0 89 43 87 27 58 89 80 16 23 43 96 49 92 34 26 71 41 79 74 59 77 41 69 97 78 89 80 35 42 18 98 25 92 55 57 39 90 47 54 32 54 41 54 79 39 45 89 33 74 86 49 47 61 47 35 85 30 39 27 
24 23 37 72 34 72 17 26 24 17 13 72 15 63 63 81 45 43 87 25 22 31 56 30 11 30 26 39 68 98 26 78 53 60 79 52 40 60 96 18 33 0 78 24 17 96 73 88 16 32 53 15 55 63 87 72 95 59 27 90 96 27 86 44 43 71 22 34 72 79 19 93 75 11 89 45 45 100 32 33 83 74 86 28 67 44 77 34 80 79 70 27 92 71 67 66 33 71 87 81 
43 25 57 16 62 89 29 72 68 73 74 31 17 64 26 73 10 60 41 15 63 23 12 13 69 43 47 94 43 37 17 11 12 34 17 89 90 84 70 95 53 74 0 66 53 32 45 44 99 93 90 11 82 15 92 29 24 11 65 54 63 12 88 87 76 49 38 47 64 98 96 82 96 12 18 14 10 48 43 94 32 81 37 39 70 39 64 89 99 55 22 72 61 11 54 85 32 78 91 84 
32 23 94 50 21 93 40 81 65 65 64 67 11 80 26 53 63 63 37 30 76 97 95 45 71 73 27 92 26 90 75 41 69 82 16 15 84 80 48 35 71 48 58 0 34 14 50 37 53 63 78 74 34 61 81 13 31 72 28 73 38 21 39 68 26 20 47 55 28 67 54 51 51 34 97 42 70 42 34 56 65 100 20 27 98 24 71 18 13 32 58 93 45 21 10 65 70 50 53 78 
33 35 84 38 26 68 57 60 49 77 80 74 91 97 10 99 98 98 60 61 14 66 58 93 65 32 64 83 42 91 67 51 18 16 76 13 60 77 69 82 98 90 34 61 0 88 79 58 33 32 81 100 20 78 39 18 37 75 16 38 81 18 53 54 30 45 58 63 61 29 29 27 88 96 70 59 19 32 66 97 72 49 50 17 34 50 87 33 58 44 39 62 33 41 81 27 26 66 46 80 
32 75 74 12 38 40 59 44 11 63 64 20 96 41 32 45 21 69 89 22 40 43 95 27 93 32 39 66 95 65 10 40 71 93 70 53 26 66 81 23 77 92 60 67 51 0 58 19 49 34 63 11 97 28 56 44 74 32 41 92 16 45 59 31 93 12 72 62 96 62 51 32 62 96 25 75 74 41 19 49 35 36 36 42 79 98 44 65 33 22 43 70 51 86 15 31 83 48 22 80 
14 55 45 34 61 23 52 85 47 41 54 24 73 48 76 17 75 65 45 66 52 94 21 20 32 65 51 28 24 88 100 87 100 25 12 11 91 82 53 59 86 68 57 84 60 11 0 62 69 58 60 17 73 71 39 30 73 36 17 14 95 57 17 21 69 30 64 79 65 21 19 43 20 70 52 27 65 56 65 85 62 84 79 79 57 97 17 67 56 85 100 24 74 24 29 48 83 98 70 66 
43 21 63 49 19 99 28 67 56 93 62 37 88 61 73 63 61 94 10 26 96 68 56 96 91 15 16 53 50 31 65 15 63 80 55 27 95 70 83 54 34 56 29 76 100 78 32 0 20 93 78 61 91 11 79 48 10 17 61 32 74 93 76 95 37 63 46 51 94 63 14 73 29 88 63 59 26 62 16 38 29 62 49 65 63 56 82 35 52 25 89 94 12 86 18 38 30 38 35 36 
26 76 48 99 88 19 47 69 67 64 70 48 83 39 49 11 50 64 82 51 88 10 100 39 61 91 65 93 83 44 59 50 15 100 49 15 57 30 68 14 34 98 27 79 76 40 75 31 0 50 19 27 73 96 97 77 88 65 15 52 48 23 54 87 98 28 67 83 38 23 77 94 43 81 15 39 17 35 15 36 74 95 94 96 19 80 67 45 52 64 57 32 46 60 21 16 83 88 96 57 
46 28 26 59 76 38 98 88 49 55 45 52 51 72 84 21 60 95 46 75 41 73 53 65 47 74 28 63 93 33 37 64 44 96 94 12 56 49 81 65 66 16 65 18 59 81 63 34 80 0 88 97 91 36 59 52 92 48 53 45 75 49 47 49 19 90 41 99 42 17 41 85 59 60 37 69 34 31 70 22 51 12 84 53 84 41 48 66 70 80 33 27 14 28 98 59 44 38 36 23 
67 18 46 74 89 84 32 15 44 78 32 62 72 93 43 87 27 78 56 20 48 82 43 74 67 81 56 22 71 60 72 58 64 57 11 52 81 41 95 52 65 16 47 25 75 70 59 32 98 82 0 85 94 34 72 75 52 44 33 71 20 45 83 79 45 60 73 48 42 82 94 22 80 58 26 13 34 89 33 62 74 43 22 71 85 86 47 69 21 58 97 59 81 33 90 52 64 74 94 58 
10 50 93 92 22 33 85 46 51 64 28 64 71 17 60 95 53 77 69 78 46 87 74 31 28 83 98 51 10 47 20 11 68 26 50 42 32 94 55 92 25 14 93 43 68 100 71 59 77 14 36 0 45 43 78 69 86 45 47 61 15 49 48 19 98 96 64 42 79 89 37 31 28 25 80 74 61 12 89 41 26 28 82 77 62 13 27 96 46 47 76 78 61 55 58 74 86 65 11 20 
100 89 98 76 95 73 21 26 70 21 29 73 90 16 78 85 83 89 91 42 88 53 85 85 71 82 67 22 57 64 53 58 72 16 57 84 64 40 67 84 18 50 53 66 91 69 10 81 90 21 34 64 0 18 83 27 34 58 100 82 13 86 76 85 62 19 66 38 46 30 32 25 47 67 36 46 65 82 41 35 10 45 88 42 77 33 60 48 29 23 21 87 74 66 71 86 73 93 25 98 
25 78 86 19 95 17 82 83 36 38 41 38 46 31 63 76 54 17 95 70 88 92 18 69 70 44 54 94 40 56 20 49 74 68 91 88 82 38 94 35 65 43 73 26 12 45 87 52 47 11 20 47 64 0 17 43 26 25 67 46 11 71 99 25 74 26 58 51 86 40 31 19 85 35 31 28 66 88 14 39 33 74 83 35 18 60 62 63 43 74 100 24 50 41 88 17 25 83 32 34 
86 40 21 60 92 44 73 98 35 63 41 50 16 76 53 30 42 46 69 19 68 14 19 100 33 43 10 60 64 20 12 91 11 97 98 41 65 11 93 63 61 44 55 33 13 42 30 99 73 73 80 74 16 54 0 94 14 29 15 36 11 59 10 64 50 24 85 11 86 25 15 13 91 94 81 48 49 20 32 53 99 41 66 69 88 50 68 53 98 22 96 90 53 56 57 89 74 87 37 63 
94 76 24 93 77 98 47 23 57 35 90 28 20 48 24 67 22 90 56 77 70 75 85 25 70 25 68 23 29 11 27 17 72 82 73 71 19 21 64 71 46 53 52 17 38 47 71 42 61 23 56 92 14 27 66 0 12 61 66 95 85 12 73 87 40 37 52 29 12 31 12 75 95 91 14 86 72 77 20 39 89 56 80 28 69 75 89 14 49 79 16 75 21 80 16 67 35 22 83 67 
59 18 83 47 17 59 91 86 91 93 56 23 72 24 93 92 93 94 86 38 100 84 91 96 15 93 46 61 15 37 74 89 78 53 21 32 46 53 48 91 86 61 72 26 72 23 83 56 38 48 89 78 88 69 41 91 0 20 82 97 98 37 84 85 66 80 55 61 76 20 25 83 81 64 25 13 69 89 99 20 32 14 76 96 73 10 46 76 52 69 52 28 61 66 19 96 27 99 40 28 
20 93 84 56 34 53 15 32 81 17 11 44 63 35 54 57 32 61 50 82 26 96 66 10 53 63 60 92 25 11 59 40 50 84 92 46 67 29 10 62 35 12 33 18 50 39 46 25 95 65 32 31 51 48 29 87 18 0 15 59 38 32 93 89 97 98 71 11 20 73 78 93 98 94 66 65 34 76 26 37 11 77 35 92 47 93 81 19 59 51 23 33 68 81 48 40 88 14 32 91 
15 59 47 47 76 53 80 84 49 33 65 45 15 86 20 96 82 55 69 87 65 60 75 15 62 85 98 84 93 76 27 32 42 58 45 16 80 93 100 60 56 25 84 36 13 19 84 88 73 88 48 58 92 46 19 47 39 34 0 48 73 85 12 23 58 32 82 13 73 16 84 56 48 23 23 48 70 94 42 57 75 74 56 26 35 97 32 19 39 53 88 27 65 38 47 17 86 32 29 18 
18 15 44 86 43 70 57 96 52 51 30 41 57 22 78 72 64 50 65 74 65 55 83 32 61 79 76 82 64 32 12 73 27 89 83 81 81 10 31 70 78 98 32 57 87 98 53 27 17 30 22 71 66 32 19 16 61 52 89 0 95 79 34 34 28 44 70 46 57 65 84 62 11 28 56 39 37 15 63 97 34 18 73 48 89 61 10 36 72 22 76 45 23 82 31 26 83 64 52 32 
65 72 32 16 35 41 74 10 39 67 59 50 45 83 40 93 13 72 77 19 21 37 61 69 72 57 33 39 28 41 64 87 41 14 80 74 13 87 43 55 21 75 75 25 63 67 46 66 55 45 77 17 76 85 79 73 64 52 73 18 0 10 61 24 33 15 30 82 59 95 46 75 69 97 59 55 30 22 10 36 87 68 54 72 28 67 26 43 57 60 85 89 50 25 22 19 28 12 59 64 
31 56 22 89 50 72 59 82 92 54 85 60 52 83 24 72 35 87 45 49 84 29 96 93 57 29 15 12 22 76 61 75 12 47 58 22 69 32 42 34 34 52 30 81 59 84 96 22 38 68 71 36 73 47 56 72 66 76 76 93 17 0 98 44 45 20 52 67 60 37 81 34 43 63 46 35 64 31 21 50 33 98 40 36 44 41 19 24 80 42 76 94 63 91 71 39 51 43 95 74 
41 34 24 80 99 14 26 58 37 36 80 60 96 99 88 98 66 12 63 49 85 77 41 32 100 53 12 11 23 30 21 61 26 78 63 96 19 64 31 35 22 29 39 93 63 67 17 53 19 35 90 31 30 37 19 62 41 74 50 83 89 19 0 85 67 38 85 17 99 33 82 14 19 91 67 95 78 11 34 82 52 57 12 43 47 89 18 58 15 91 14 83 72 92 37 72 72 78 61 89 
58 50 22 65 71 26 95 10 94 95 40 43 10 74 57 91 17 89 95 17 68 40 30 25 79 28 63 53 65 16 32 17 50 32 42 47 70 34 27 36 64 29 91 95 11 84 53 59 54 62 63 26 10 71 83 12 27 69 56 87 93 19 90 0 72 15 22 91 65 46 40 31 21 21 22 75 52 23 64 16 87 83 41 10 15 45 88 77 84 68 14 85 40 83 35 68 54 48 35 93 
27 32 47 95 64 49 35 58 19 33 58 10 21 31 67 70 98 49 98 63 74 98 49 67 54 51 62 10 72 68 94 73 83 97 34 11 62 62 56 13 13 29 58 98 81 47 28 17 27 98 44 99 14 50 57 31 55 73 60 54 19 32 16 15 0 75 11 87 82 20 47 75 25 90 87 36 52 48 73 35 82 49 62 99 20 76 33 54 61 68 90 75 81 50 91 50 39 44 81 90 
40 59 46 67 65 24 80 10 96 92 90 86 93 51 81 23 46 99 58 94 65 40 71 99 45 71 100 24 59 64 69 23 90 31 66 51 90 37 17 96 80 67 39 94 41 16 53 87 61 41 89 58 92 37 32 63 23 82 28 55 17 48 43 32 10 0 44 54 79 48 90 41 50 81 47 62 10 44 22 60 33 56 55 90 17 91 23 66 79 12 73 38 91 17 50 91 28 28 75 100 
92 32 89 17 84 65 83 31 57 67 30 69 16 64 24 38 61 17 31 34 46 86 16 53 83 100 77 36 76 25 93 16 100 42 44 34 40 76 35 71 33 49 45 74 100 11 73 26 43 68 23 69 85 55 72 31 82 45 34 27 18 49 65 12 80 19 0 51 91 22 39 35 74 97 63 79 86 81 75 16 84 67 74 30 54 46 31 54 62 69 39 57 56 53 67 19 45 83 22 15 
61 58 69 71 57 26 72 63 32 13 72 51 43 93 20 35 52 39 25 100 52 51 87 99 81 50 57 84 82 83 17 37 79 36 99 97 74 25 15 43 47 63 37 12 11 67 94 48 96 25 30 27 36 16 80 67 21 36 100 52 57 27 58 10 54 50 75 0 88 68 31 82 84 81 62 67 45 16 73 37 73 100 50 21 94 29 48 32 28 69 46 17 17 40 28 78 58 77 98 58 
78 20 36 15 31 56 19 67 96 59 39 32 24 52 58 44 15 47 39 34 80 99 86 77 48 78 23 56 98 14 20 41 41 95 16 17 80 84 46 81 88 51 19 50 21 23 98 50 91 78 70 58 51 63 22 17 96 37 27 65 91 16 11 66 80 35 38 37 0 63 24 11 15 94 18 62 58 52 36 70 46 83 77 43 100 36 47 70 13 98 28 62 20 91 63 30 98 86 49 94 
37 20 74 94 83 61 95 69 16 70 49 89 94 63 70 35 45 23 95 54 99 38 39 48 24 62 78 32 64 34 24 51 26 54 97 86 27 19 22 68 54 12 25 32 18 29 90 47 17 90 40 46 49 77 80 12 20 45 10 68 74 15 18 86 58 53 31 96 29 0 71 41 39 99 14 26 61 64 61 50 49 32 80 60 39 31 12 98 17 26 100 16 58 74 70 69 21 83 16 45 
93 74 76 10 64 85 69 75 27 47 89 70 90 77 29 60 55 59 32 78 95 90 89 99 82 22 14 41 54 12 18 94 89 36 60 41 77 62 80 56 73 99 75 23 19 67 36 85 95 20 25 48 85 74 53 94 62 82 25 69 49 30 74 15 58 95 10 57 52 62 0 58 50 29 56 97 74 67 36 81 99 23 11 74 83 58 25 28 61 65 78 68 59 67 86 26 15 58 84 98 
26 73 83 65 26 54 86 80 33 81 59 40 36 93 65 37 47 86 83 12 76 43 98 16 25 41 20 15 22 81 98 85 77 63 42 96 71 21 66 13 66 15 99 52 72 51 69 36 52 11 33 95 44 98 87 41 93 92 63 35 87 85 77 59 16 41 67 91 15 81 16 0 79 69 79 74 22 99 32 71 70 23 27 24 44 86 69 16 76 51 90 11 79 22 18 68 45 85 56 23 
44 10 92 40 19 50 12 39 10 24 29 58 96 63 81 33 81 19 33 17 78 98 89 16 85 82 55 46 59 96 49 13 33 47 39 53 21 91 57 62 81 43 95 70 89 70 15 95 78 53 72 85 38 32 44 59 32 91 98 75 65 40 93 15 70 62 48 69 80 75 94 58 0 33 63 42 81 66 36 63 43 74 50 98 53 50 29 27 63 92 60 47 37 91 16 80 75 12 74 33 
79 46 20 96 44 32 80 17 32 31 77 37 78 90 54 17 95 34 26 56 86 95 38 50 75 54 36 56 20 34 92 78 64 85 52 60 27 91 80 75 33 41 48 11 77 98 87 98 50 65 40 98 58 83 25 31 54 61 58 43 87 66 99 30 86 10 96 22 23 80 66 74 94 0 45 36 41 97 31 14 21 33 71 46 57 49 43 26 75 97 77 12 77 49 12 44 83 95 43 74 
22 50 74 92 68 20 57 37 33 57 48 71 46 39 31 42 22 99 36 72 12 32 77 27 68 68 56 97 64 88 70 97 56 73 39 94 92 52 49 82 32 10 98 62 76 66 36 39 52 54 65 99 13 66 52 40 55 33 55 38 33 78 17 59 26 92 52 29 17 68 78 57 21 61 0 82 38 58 91 57 94 87 100 77 15 78 55 81 100 26 18 48 15 95 29 47 29 100 84 53 
97 85 75 89 96 87 74 96 97 14 38 82 16 95 63 71 18 25 22 84 81 36 54 33 51 43 73 38 43 12 32 34 33 84 13 92 93 81 24 28 40 16 16 88 88 23 52 83 93 44 56 90 31 62 82 76 91 52 66 75 85 70 51 82 92 80 63 36 58 60 40 67 17 80 96 0 13 20 27 50 46 58 68 78 73 50 74 23 56 86 76 37 68 31 97 67 67 19 34 77 
15 11 14 82 25 28 74 98 94 89 64 97 22 19 70 65 68 55 66 16 22 25 41 66 83 95 26 97 65 66 38 61 17 19 27 94 43 43 84 19 37 90 13 68 49 83 95 37 87 35 91 40 18 90 66 67 52 97 45 68 98 59 48 90 57 60 95 20 74 25 89 66 45 65 75 16 0 41 89 50 86 29 81 77 30 61 58 53 28 53 67 86 77 84 78 77 33 30 41 40 
41 69 16 27 57 66 40 57 26 97 83 28 66 63 19 38 45 72 67 16 23 20 70 71 79 86 54 43 96 58 90 64 16 95 96 63 83 11 44 56 41 40 29 19 13 97 97 15 99 58 90 62 18 39 49 41 88 34 47 97 24 92 42 48 32 23 32 36 95 30 15 95 32 88 10 33 49 0 88 83 51 49 31 75 100 13 84 83 65 82 27 34 53 54 74 64 61 91 23 93 
18 65 82 49 77 57 30 28 88 96 63 13 65 37 90 55 31 67 20 85 79 41 20 82 40 56 70 66 17 27 40 99 50 36 92 18 31 21 79 47 57 89 69 12 81 60 47 98 23 63 40 84 42 60 43 70 86 63 33 96 45 17 17 33 57 59 55 54 98 49 38 16 91 78 85 89 74 99 0 80 98 81 37 18 28 71 70 23 31 78 77 15 99 67 74 71 79 79 79 17 
92 73 19 65 54 58 92 19 54 87 34 66 30 14 25 73 95 19 98 94 32 52 84 54 39 50 68 49 14 74 86 83 83 72 14 26 79 67 96 95 60 46 94 83 72 53 54 59 52 93 95 23 34 99 46 95 42 90 98 79 51 75 63 14 34 49 90 53 56 97 81 68 68 60 25 12 51 66 15 0 24 83 42 76 61 11 97 89 14 73 53 76 33 24 78 75 99 74 95 33 
86 46 86 20 40 63 93 39 35 25 18 15 74 93 51 41 48 52 70 90 22 39 44 85 33 90 34 92 54 80 35 88 32 35 53 53 24 44 33 42 23 53 14 47 27 51 82 82 87 100 80 61 97 65 18 18 45 66 31 77 80 76 54 77 22 74 36 69 31 49 50 84 90 49 11 54 73 71 64 99 0 64 96 32 100 28 74 40 62 44 95 91 66 70 14 59 12 90 33 25 
29 15 11 33 80 75 26 71 53 64 82 10 25 64 69 90 76 58 94 88 99 38 37 59 40 18 50 58 69 73 51 84 100 16 24 77 67 57 93 29 98 55 48 43 62 57 89 67 32 66 62 37 61 18 36 10 32 16 32 53 83 42 38 91 66 55 17 69 96 85 25 35 88 38 63 94 62 84 38 80 68 0 91 100 59 97 97 15 43 82 78 54 72 84 27 100 91 52 91 80 
73 60 49 66 87 23 68 72 33 52 76 13 47 26 31 42 28 16 34 14 46 21 85 61 78 13 59 19 11 18 44 99 24 87 82 72 87 27 49 55 71 20 40 17 20 85 37 38 84 97 18 10 93 24 83 72 40 69 28 42 13 45 51 82 29 52 16 60 49 26 19 17 38 85 68 77 83 89 36 36 82 92 0 55 55 49 91 60 48 97 77 64 55 39 20 42 18 48 15 29 
63 24 65 52 14 38 80 59 76 18 77 52 42 54 75 71 17 66 93 52 43 50 32 41 73 29 96 70 35 86 66 98 51 86 30 79 21 22 97 83 71 67 94 42 13 40 62 71 88 26 24 16 63 11 31 36 56 57 46 52 99 31 24 74 64 45 75 52 58 65 91 39 39 31 83 36 72 70 10 53 65 54 54 0 45 11 58 52 34 81 84 50 52 42 11 25 79 52 48 69 
90 65 94 96 75 92 58 64 68 34 46 28 91 91 45 49 72 79 58 89 62 24 41 32 14 14 56 50 29 31 95 75 64 38 35 51 64 49 51 24 82 85 87 53 46 24 30 20 52 85 74 13 15 29 26 64 29 72 88 10 100 69 94 16 76 48 95 11 59 44 89 42 70 21 21 100 14 60 38 84 46 85 10 56 0 10 82 69 90 56 44 69 47 44 64 87 32 70 79 33 
53 30 73 96 45 69 34 53 23 72 61 15 96 34 93 59 64 56 78 92 61 41 76 27 43 27 14 69 97 48 15 72 29 15 85 61 31 75 72 23 23 70 35 57 16 100 62 52 22 23 79 40 45 80 48 22 98 79 10 16 40 40 95 28 42 15 12 60 55 21 83 55 21 29 94 48 64 14 17 59 40 56 93 51 18 0 41 59 99 43 73 39 74 81 46 82 67 36 94 92 
19 34 20 26 19 30 90 85 39 57 10 93 36 24 36 94 38 75 82 22 88 44 76 54 83 89 36 15 71 88 54 77 19 18 20 45 53 85 55 41 94 21 10 33 84 29 39 13 23 34 46 34 92 92 12 48 27 46 55 42 33 40 45 94 50 61 50 78 45 12 50 71 78 24 15 16 46 52 50 40 29 37 42 78 72 95 0 69 16 61 65 22 78 28 65 99 53 93 22 61 
11 18 89 34 63 98 87 22 80 37 68 90 88 98 50 67 34 72 62 53 56 98 60 34 62 84 76 28 40 44 84 92 69 40 88 95 87 75 70 41 22 45 43 43 76 29 83 49 46 60 53 39 32 32 19 59 25 14 24 17 77 56 72 71 31 52 57 52 94 93 59 73 29 85 80 17 73 48 81 93 65 88 92 62 93 59 65 0 63 62 96 73 70 83 24 60 54 98 93 13 
55 90 96 49 20 78 79 30 43 43 23 53 100 51 26 48 67 17 17 29 15 10 93 36 53 17 83 15 83 58 69 35 51 19 61 31 95 58 17 36 86 30 75 31 89 82 98 73 42 64 89 86 66 43 33 79 97 98 18 43 58 59 11 68 100 62 13 32 92 14 83 69 97 39 78 93 79 72 44 83 89 86 97 88 64 78 71 58 0 70 45 70 96 61 84 32 82 69 38 13 
35 42 89 32 11 90 46 46 94 76 41 77 37 58 58 98 97 95 78 60 40 29 92 13 45 50 43 64 44 64 55 10 37 49 82 23 21 18 74 10 31 60 23 65 97 100 18 11 18 79 12 22 75 94 76 86 86 51 12 43 90 20 28 21 98 55 32 71 48 62 38 86 33 62 99 10 41 31 99 47 71 11 57 36 73 53 32 50 35 0 41 63 47 68 52 83 15 35 70 21 
84 79 48 88 58 27 27 87 98 24 27 63 80 25 22 49 68 28 96 42 78 16 96 94 23 79 13 73 36 96 47 86 75 14 11 76 20 20 49 99 71 21 62 14 85 26 67 85 51 89 23 76 70 51 21 15 94 36 88 21 64 14 10 77 63 12 36 51 75 55 64 40 47 84 23 56 27 48 87 46 13 98 14 49 69 89 43 15 90 67 0 74 48 21 13 55 31 52 64 81 
55 76 49 32 41 17 17 100 35 20 83 38 71 46 81 65 37 60 50 87 50 52 95 55 47 44 52 84 28 60 13 82 45 27 23 42 54 47 57 58 11 25 12 58 88 33 25 13 96 62 80 87 47 61 27 42 57 57 64 96 33 52 51 63 99 100 24 65 74 82 88 62 92 73 18 51 52 31 19 49 59 97 25 82 98 60 100 57 18 52 35 0 17 37 24 16 20 17 56 50 
45 71 83 95 76 25 64 71 82 70 12 87 82 46 33 18 67 66 72 57 17 66 69 49 88 59 50 76 76 52 91 97 99 60 10 79 48 64 88 10 14 61 64 68 21 10 26 89 51 74 98 94 64 69 72 100 23 12 42 54 87 73 95 42 97 52 40 35 78 30 43 88 80 66 30 15 79 38 29 100 38 17 82 43 25 69 37 66 17 70 96 31 0 79 68 26 19 31 14 89 
68 66 19 64 23 43 53 63 96 68 52 56 18 63 46 87 90 67 60 32 96 71 23 94 21 50 93 43 99 97 83 31 24 94 40 97 51 71 30 11 86 15 57 86 44 18 60 15 37 65 77 11 81 70 60 86 26 41 29 48 72 28 55 61 44 20 47 73 52 12 92 25 52 33 27 78 67 90 97 76 81 53 74 71 71 33 82 59 16 18 81 72 49 0 49 29 21 49 54 39 
58 21 56 90 12 80 15 85 48 41 51 83 29 17 93 58 20 65 59 36 53 19 22 73 93 20 41 58 52 86 80 48 22 70 67 88 60 64 37 77 80 87 82 53 68 79 72 14 14 37 48 23 43 40 99 48 84 13 32 84 41 100 11 37 46 73 94 66 17 74 71 36 97 57 86 79 83 62 96 12 43 71 89 29 37 60 30 71 93 96 49 44 16 87 0 32 81 26 20 43 
30 71 34 14 12 52 47 79 91 60 75 43 94 20 42 76 80 30 60 61 62 43 78 73 31 90 40 74 39 21 37 46 39 32 99 45 40 12 46 38 19 81 11 80 42 94 26 79 87 67 14 93 53 94 71 89 25 54 24 84 61 51 26 28 59 52 95 18 89 63 88 89 13 42 54 67 13 77 51 98 66 44 17 32 15 59 42 94 79 79 80 17 16 82 10 0 18 95 97 42 
80 78 86 63 12 83 51 47 67 86 77 35 48 26 81 38 72 84 96 75 95 33 44 35 59 85 83 72 86 15 87 29 49 47 30 37 37 90 100 93 47 84 48 42 36 15 83 65 60 61 96 37 36 17 74 63 68 84 99 10 95 26 76 97 42 49 10 63 55 20 87 80 20 32 42 75 64 76 74 28 67 18 82 15 22 47 81 38 91 94 20 71 43 38 25 56 0 56 38 19 
25 99 46 71 80 43 14 29 42 33 72 44 45 91 72 21 66 79 18 12 25 94 46 39 93 63 85 31 11 22 95 61 56 46 53 27 52 32 78 89 13 27 36 37 58 27 59 61 52 47 66 59 55 20 10 63 36 60 35 92 32 11 72 93 87 98 23 23 21 78 43 37 89 13 20 33 75 95 72 78 50 10 43 32 25 24 45 44 25 63 92 62 13 34 13 50 62 0 26 37 
48 57 25 12 89 55 37 46 100 21 29 98 29 71 39 32 10 35 14 62 74 21 68 83 24 38 96 36 86 84 78 77 35 45 88 11 34 50 53 63 38 26 52 18 51 28 75 76 35 26 23 99 38 84 31 29 13 55 66 82 71 27 15 30 86 73 47 39 61 74 16 23 46 32 80 55 25 38 58 36 85 22 95 41 74 44 46 31 70 41 97 56 30 13 32 62 82 41 0 90 
62 29 66 54 61 55 39 50 89 95 47 96 75 89 10 53 11 65 56 50 11 94 86 38 88 16 51 98 30 96 89 81 25 49 52 25 82 14 41 55 93 40 38 11 90 43 64 58 19 25 98 88 27 90 40 59 100 81 21 36 42 15 78 67 85 23 45 94 27 47 62 83 25 15 34 68 11 33 17 97 21 23 72 37 98 31 95 29 49 20 42 29 58 82 75 26 19 75 47 0 
